0.9972702860832214
0.9995261430740356
0.9999710321426392
0.9999939203262329
0.999019980430603
0.9985626339912415
0.9980964064598083
0.997742772102356
0.9996040463447571
0.9999843835830688
0.9999958276748657
0.9977161884307861
0.9977796673774719
0.9976956248283386
0.998049259185791
0.999727189540863
0.9999790191650391
0.9999936819076538
0.9993999004364014
0.9994872808456421
0.9993823766708374
0.9889293313026428
0.9991999268531799
0.9999147653579712
0.9999830722808838
0.993915855884552
0.994216799736023
0.9941790103912354
0.9890072345733643
0.9992349147796631
0.9999231100082397
0.9999850988388062
0.9938532114028931
0.9940816760063171
0.9940806031227112
0.9963698387145996
0.9995691180229187
0.9999624490737915
0.9999864101409912
0.9919435977935791
0.9927527904510498
0.9924579858779907
0.9992035031318665
0.9997921586036682
0.9999686479568481
0.9999905824661255
0.9840067028999329
0.990371823310852
0.9862961769104004
0.9984644651412964
0.9997990727424622
0.9999667406082153
0.9999843835830688
0.9700091481208801
0.9905885457992554
0.9872018098831177
0.9992749094963074
0.9998435974121094
0.9999758005142212
0.9999879598617554
0.990445613861084
0.9976071119308472
0.9960976839065552
0.9988941550254822
0.9998192191123962
0.9999680519104004
0.9999924898147583
0.9861131310462952
0.9971883893013
0.9946946501731873
0.9987837672233582
0.9998039603233337
0.9999642372131348
0.9999918937683105
0.9853552579879761
0.9970811009407043
0.994461715221405
0.9988749623298645
0.9998262524604797
0.999971866607666
0.9999825954437256
0.9647403955459595
0.9932336211204529
0.9877036809921265
0.9979571104049683
0.9997279047966003
0.9999842643737793
0.9999847412109375
0.9649707078933716
0.9911327958106995
0.984260618686676
0.9998419284820557
0.9999418258666992
0.9999958276748657
0.9999973773956299
0.9978659749031067
0.9985559582710266
0.9975531697273254
0.9999657869338989
0.9999513626098633
0.9999977350234985
0.9999994039535522
0.9993928670883179
0.999599039554596
0.9990851879119873
0.9999635219573975
0.9999579191207886
0.9999979734420776
0.9999994039535522
0.9994358420372009
0.9996414184570312
0.9991810917854309
0.9999656677246094
0.9999581575393677
0.9999979734420776
0.9999994039535522
0.9994502663612366
0.9996488094329834
0.9991965889930725
0.99986732006073
0.9999219179153442
0.9999945163726807
0.999997615814209
0.9978888630867004
0.9985522627830505
0.9970129728317261
0.9994266033172607
0.9998173117637634
0.9999872446060181
0.9999945163726807
0.9926313161849976
0.9950706958770752
0.9912450909614563
0.9987622499465942
0.9997648596763611
0.9999858140945435
0.9999916553497314
0.9932148456573486
0.994650661945343
0.9922205805778503
0.9977476000785828
0.9995686411857605
0.9999717473983765
0.9999916553497314
0.9960125684738159
0.9941352605819702
0.9911511540412903
0.9971482157707214
0.9997275471687317
0.9999686479568481
0.9999959468841553
0.9994239807128906
0.9991718530654907
0.9986966252326965
0.9969618916511536
0.9997285008430481
0.999968409538269
0.9999960660934448
0.9994370341300964
0.9992074370384216
0.998745322227478
0.9982582926750183
0.9998314380645752
0.9999853372573853
0.9999969005584717
0.9997113347053528
0.9996463060379028
0.999504804611206
0.9945736527442932
0.9993500113487244
0.9999655485153198
0.9999902248382568
0.9985846281051636
0.998784601688385
0.9987680315971375
0.9954481720924377
0.9994704127311707
0.9999033212661743
0.9999871253967285
0.9932154417037964
0.9911984801292419
0.989546000957489
0.9990662932395935
0.9997959733009338
0.9999731779098511
0.9999947547912598
0.9775441288948059
0.9817687273025513
0.9770071506500244
0.9988478422164917
0.9997870326042175
0.9999756813049316
0.9999874830245972
0.9834550619125366
0.9926949739456177
0.9901352524757385
0.9986649751663208
0.9997861981391907
0.9999743700027466
0.9999862909317017
0.9831634163856506
0.99261075258255
0.9899619817733765
0.9974830746650696
0.9995802044868469
0.9999430179595947
0.9999887943267822
0.9902074933052063
0.9972255825996399
0.995388388633728
0.998237133026123
0.9996269941329956
0.9999533891677856
0.9999902248382568
0.9874502420425415
0.9972997307777405
0.9950950145721436
0.9987427592277527
0.9998490810394287
0.9999709129333496
0.9999831914901733
0.9549341797828674
0.9929110407829285
0.9876987934112549
0.9987198114395142
0.9998724460601807
0.9999814033508301
0.9999881982803345
0.977231502532959
0.9924525618553162
0.9858595728874207
0.9994087219238281
0.9998680353164673
0.999987006187439
0.9999922513961792
0.99090975522995
0.9948445558547974
0.9915621876716614
0.999232292175293
0.9998189806938171
0.9999845027923584
0.9999896287918091
0.9898586869239807
0.9934419393539429
0.9899377822875977
0.9994669556617737
0.9998787641525269
0.9999884366989136
0.999993085861206
0.99107426404953
0.9950786828994751
0.9918259382247925
0.9999728202819824
0.9999754428863525
0.9999991655349731
0.9999986886978149
0.9985998272895813
0.9990566372871399
0.9981592297554016
0.9998639822006226
0.9999514818191528
0.9999967813491821
0.9999978542327881
0.9970535039901733
0.9976806640625
0.9957273006439209
0.9990383386611938
0.9997356534004211
0.999988317489624
0.9999942779541016
0.9879103899002075
0.9908440709114075
0.9846351742744446
0.9970412850379944
0.9994275569915771
0.9999843835830688
0.9999909400939941
0.9787472486495972
0.986412763595581
0.9808759689331055
0.9966614246368408
0.9993680119514465
0.9999828338623047
0.9999904632568359
0.9787430763244629
0.9861867427825928
0.9802488684654236
0.9974824786186218
0.9994235038757324
0.9999754428863525
0.9999918937683105
0.9955825209617615
0.9959133267402649
0.9937811493873596
0.9950300455093384
0.9992509484291077
0.9999477863311768
0.9999943971633911
0.9982535243034363
0.9977606534957886
0.9963562488555908
0.9973317384719849
0.9996709823608398
0.9999834299087524
0.9999957084655762
0.9984342455863953
0.9978944659233093
0.9973708391189575
0.9974092841148376
0.9996651411056519
0.999983549118042
0.9999957084655762
0.9983928799629211
0.9977855682373047
0.9972409009933472
0.993311882019043
0.9995033740997314
0.9999462366104126
0.9999873638153076
0.9973000884056091
0.9976032376289368
0.9973121881484985
0.9936031699180603
0.9994995594024658
0.999945878982544
0.9999861717224121
0.9974105954170227
0.9977084398269653
0.9974523186683655
0.999373733997345
0.9998563528060913
0.9999743700027466
0.9999938011169434
0.9917141795158386
0.989276647567749
0.9862849712371826
0.9991462230682373
0.9998231530189514
0.9999653100967407
0.9999905824661255
0.9787814021110535
0.9885309934616089
0.9831163287162781
0.9992334842681885
0.9999120235443115
0.9999830722808838
0.9999809265136719
0.9727013111114502
0.98619544506073
0.9815796613693237
0.9982136487960815
0.9997255206108093
0.9999644756317139
0.999984860420227
0.9844702482223511
0.9962210655212402
0.9940692186355591
0.999056875705719
0.9997805953025818
0.9999741315841675
0.9999921321868896
0.9799891114234924
0.9964213371276855
0.9938669800758362
0.9989768266677856
0.9997711777687073
0.9999724626541138
0.9999915361404419
0.979834258556366
0.9964067339897156
0.9938562512397766
0.9989266991615295
0.9997726082801819
0.9999790191650391
0.999984860420227
0.9615365266799927
0.9916085600852966
0.9851952791213989
0.9990856647491455
0.9997840523719788
0.9999871253967285
0.9999793767929077
0.9749236702919006
0.993514895439148
0.9884535670280457
0.9998112320899963
0.9999284744262695
0.9999936819076538
0.9999972581863403
0.9968125224113464
0.9982720613479614
0.9970243573188782
0.9999799728393555
0.9999768733978271
0.9999982118606567
0.9999994039535522
0.9991235136985779
0.9993355870246887
0.9985664486885071
0.9999654293060303
0.999961256980896
0.999998927116394
0.9999985694885254
0.997416615486145
0.9977465271949768
0.9958086013793945
0.9999686479568481
0.9999617338180542
0.999998927116394
0.9999986886978149
0.9974783062934875
0.9977911710739136
0.9958885312080383
0.9998156428337097
0.9998937845230103
0.9999963045120239
0.9999980926513672
0.9971919655799866
0.9982450008392334
0.9965997338294983
0.998961329460144
0.9997050166130066
0.9999862909317017
0.9999947547912598
0.9837581515312195
0.9901978969573975
0.9828382730484009
0.9980912804603577
0.9996542930603027
0.9999784231185913
0.9999927282333374
0.9931777715682983
0.9948000907897949
0.9912917017936707
0.9986138343811035
0.9994982481002808
0.9999796152114868
0.9999932050704956
0.9946008920669556
0.9945377707481384
0.9927030801773071
0.99871826171875
0.9995094537734985
0.9999802112579346
0.9999934434890747
0.9948074221611023
0.9947303533554077
0.9929581880569458
0.9988762736320496
0.9995498061180115
0.9999819993972778
0.9999940395355225
0.9950697422027588
0.9950309991836548
0.9934318661689758
0.9975802898406982
0.9994983673095703
0.9999774694442749
0.9999948740005493
0.9981421232223511
0.9980068802833557
0.9975736737251282
0.99642014503479
0.9995740056037903
0.9999760389328003
0.9999947547912598
0.9988393187522888
0.998971700668335
0.9989070892333984
0.99552983045578
0.9996739625930786
0.9999635219573975
0.9999929666519165
0.9961429238319397
0.9951499104499817
0.9951441287994385
0.9995381832122803
0.9999178647994995
0.9999822378158569
0.9999939203262329
0.9908789992332458
0.9890396595001221
0.988610565662384
0.9991174340248108
0.9998652935028076
0.9999761581420898
0.9999864101409912
0.9763360619544983
0.9840596914291382
0.9793010950088501
0.9992371797561646
0.99986732006073
0.9999773502349854
0.9999877214431763
0.9743875861167908
0.9826062917709351
0.977852463722229
0.9990500807762146
0.9997683167457581
0.9999674558639526
0.9999872446060181
0.991202712059021
0.9975220561027527
0.996457040309906
0.9985243678092957
0.9997610449790955
0.9999486207962036
0.9999874830245972
0.9885177612304688
0.9975281357765198
0.9959064722061157
0.9991579055786133
0.9998306035995483
0.9999572038650513
0.9999884366989136
0.9784190654754639
0.9956489205360413
0.9924066662788391
0.9974988102912903
0.9997817873954773
0.9999488592147827
0.9999701976776123
0.9203984141349792
0.9865988492965698
0.9747682809829712
0.9992150068283081
0.999723494052887
0.9999825954437256
0.9999884366989136
0.9873425960540771
0.9958504438400269
0.9933388829231262
0.999254047870636
0.9997236132621765
0.9999834299087524
0.9999890327453613
0.9876192808151245
0.9960476756095886
0.9936922788619995
0.9999085664749146
0.9999314546585083
0.9999961853027344
0.9999983310699463
0.9977771639823914
0.9986633062362671
0.9978443384170532
0.9999758005142212
0.9999727010726929
0.9999984502792358
0.9999991655349731
0.9992241859436035
0.9994675517082214
0.9989073276519775
0.9999513626098633
0.9999662637710571
0.9999982118606567
0.9999978542327881
0.9954280853271484
0.9948357343673706
0.9917263984680176
0.9994232654571533
0.9998003840446472
0.9999902248382568
0.9999969005584717
0.9921727180480957
0.9949012994766235
0.991751492023468
0.9981221556663513
0.9996113181114197
0.9999767541885376
0.9999932050704956
0.9829235672950745
0.989700436592102
0.9829906225204468
0.9980424642562866
0.9996103644371033
0.999976396560669
0.9999929666519165
0.9823852181434631
0.989345133304596
0.9824413657188416
0.9982396364212036
0.9996132254600525
0.9999769926071167
0.9999932050704956
0.9836153388023376
0.9902089834213257
0.9837824702262878
0.9954246878623962
0.9993322491645813
0.9999475479125977
0.9999924898147583
0.996353268623352
0.9952764511108398
0.9936022162437439
0.995003879070282
0.9993380904197693
0.9999692440032959
0.9999932050704956
0.9967191815376282
0.995962917804718
0.9948908090591431
0.9995980858802795
0.9998675584793091
0.9999934434890747
0.9999954700469971
0.9995483756065369
0.9994044303894043
0.9993869066238403
0.9955205917358398
0.9995480179786682
0.9999494552612305
0.9999821186065674
0.9969444870948792
0.9972149133682251
0.997267484664917
0.995381772518158
0.9995418787002563
0.9999525547027588
0.9999831914901733
0.996970534324646
0.9972857236862183
0.9973529577255249
0.9979104399681091
0.9997562766075134
0.9999563694000244
0.9999921321868896
0.9908230304718018
0.9892013072967529
0.9888984560966492
0.9993016719818115
0.9998570680618286
0.9999696016311646
0.9999953508377075
0.9839926362037659
0.9851770401000977
0.9809007048606873
0.9993175268173218
0.99986732006073
0.9999681711196899
0.9999853372573853
0.9839615821838379
0.9927375912666321
0.9904994368553162
0.9992316961288452
0.9998492002487183
0.9999650716781616
0.999984622001648
0.9859728813171387
0.9938077330589294
0.9916859269142151
0.9986705780029297
0.999788224697113
0.9999643564224243
0.9999847412109375
0.9716941118240356
0.9945626854896545
0.9918617010116577
0.9987738728523254
0.9997956156730652
0.9999663829803467
0.9999856948852539
0.9763085246086121
0.9953487515449524
0.9929068088531494
0.9979302883148193
0.9997144341468811
0.999953031539917
0.9999809265136719
0.9327980279922485
0.9885492920875549
0.980065643787384
0.9983097314834595
0.9996324777603149
0.9999604225158691
0.9999816417694092
0.9760396480560303
0.9951801300048828
0.9913330674171448
0.9994927644729614
0.9998314380645752
0.9999861717224121
0.9999924898147583
0.9904285669326782
0.994816243648529
0.9916278123855591
0.9999901056289673
0.9999841451644897
0.9999984502792358
0.9999995231628418
0.9994832277297974
0.9995798468589783
0.9991276860237122
0.9999663829803467
0.9999666213989258
0.9999980926513672
0.9999986886978149
0.9986299276351929
0.9988817572593689
0.9976715445518494
0.999967098236084
0.9999663829803467
0.9999979734420776
0.9999986886978149
0.9986308217048645
0.9988411068916321
0.997576892375946
0.9998856782913208
0.9998965263366699
0.9999953508377075
0.9999980926513672
0.9958561062812805
0.9974331259727478
0.9954414367675781
0.9996174573898315
0.9998369216918945
0.9999904632568359
0.9999967813491821
0.9901505708694458
0.9927681684494019
0.9876892566680908
0.9986207485198975
0.9995743632316589
0.9999805688858032
0.9999935626983643
0.9843959808349609
0.9892849326133728
0.9817208051681519
0.9981868863105774
0.9994915723800659
0.9999765157699585
0.9999921321868896
0.9886687397956848
0.9903433322906494
0.9874199032783508
0.9967700242996216
0.9995126724243164
0.9999613761901855
0.9999940395355225
0.9964147806167603
0.9960248470306396
0.9949522018432617
0.996773898601532
0.9995055198669434
0.9999617338180542
0.9999938011169434
0.9963286519050598
0.9958739876747131
0.9947935938835144
0.9978377223014832
0.9997106194496155
0.9999696016311646
0.9999954700469971
0.9975519776344299
0.9952758550643921
0.9941434264183044
0.998469889163971
0.999702513217926
0.9999909400939941
0.9999961853027344
0.9984788298606873
0.9978861212730408
0.9978955984115601
0.988666296005249
0.9992388486862183
0.999943733215332
0.9999840259552002
0.9909421801567078
0.9924071431159973
0.9931920170783997
0.9986715316772461
0.9998087286949158
0.9999744892120361
0.9999946355819702
0.9848647117614746
0.9777931571006775
0.9774593710899353
0.99831223487854
0.9997784495353699
0.999945878982544
0.999988317489624
0.9688073396682739
0.9914953708648682
0.9876812696456909
0.9983171224594116
0.9997852444648743
0.9999476671218872
0.9999902248382568
0.9602982997894287
0.9895058274269104
0.9841505289077759
0.9965918064117432
0.9996486902236938
0.9999188184738159
0.9999878406524658
0.9680243730545044
0.994203507900238
0.9903278946876526
0.9899154901504517
0.9992363452911377
0.9999239444732666
0.9999819993972778
0.9185394048690796
0.9869527816772461
0.9752688407897949
0.9993900060653687
0.9998238682746887
0.9999876022338867
0.9999899864196777
0.9809804558753967
0.9941412806510925
0.9897298812866211
0.9997696280479431
0.9998610019683838
0.9999949932098389
0.9999964237213135
0.9970914125442505
0.9987213015556335
0.9975261092185974
0.9997684359550476
0.9998573064804077
0.9999946355819702
0.9999959468841553
0.9966180920600891
0.9985658526420593
0.99722820520401
0.9997523427009583
0.9998528957366943
0.9999947547912598
0.9999960660934448
0.9967017769813538
0.9985775947570801
0.9972524046897888
0.9999525547027588
0.999972939491272
0.9999986886978149
0.9999995231628418
0.9987819790840149
0.9990867376327515
0.9983904361724854
0.9999793767929077
0.9999724626541138
0.9999985694885254
0.9999985694885254
0.9986099004745483
0.9990106821060181
0.9984667897224426
0.9998570680618286
0.9999411106109619
0.9999959468841553
0.999997615814209
0.995991051197052
0.9962100982666016
0.9937207698822021
0.999461829662323
0.99981290102005
0.9999855756759644
0.9999946355819702
0.9942252039909363
0.9953283071517944
0.9920417666435242
0.9985976815223694
0.9997058510780334
0.9999808073043823
0.9999933242797852
0.9926736950874329
0.9907081127166748
0.9883065819740295
0.9986414313316345
0.9997517466545105
0.9999834299087524
0.9999936819076538
0.9935478568077087
0.9923796653747559
0.9906150102615356
0.9977585077285767
0.999829888343811
0.999982476234436
0.9999945163726807
0.9980382323265076
0.995162308216095
0.9938803911209106
0.998145341873169
0.9998027682304382
0.9999765157699585
0.9999971389770508
0.997205913066864
0.9941667318344116
0.9933820962905884
0.9983264803886414
0.9998158812522888
0.9999783039093018
0.9999971389770508
0.9968626499176025
0.993540346622467
0.992817759513855
0.9962019324302673
0.9995608925819397
0.999951958656311
0.9999935626983643
0.9970918893814087
0.9968795776367188
0.9968920350074768
0.9976479411125183
0.9996824264526367
0.9999412298202515
0.9999909400939941
0.9882235527038574
0.9885812401771545
0.9864713549613953
0.9979966282844543
0.9997064471244812
0.9999490976333618
0.999991774559021
0.9888434410095215
0.9891813397407532
0.9872638583183289
0.9981512427330017
0.9998397827148438
0.9999681711196899
0.9999841451644897
0.9462481141090393
0.9781318306922913
0.9753533005714417
0.9978604912757874
0.999756395816803
0.9999432563781738
0.9999853372573853
0.9143877625465393
0.9691916704177856
0.954204797744751
0.9916667342185974
0.9995840191841125
0.9999110698699951
0.9999731779098511
0.940010130405426
0.9896232485771179
0.98244309425354
0.9978410005569458
0.9996078610420227
0.9999539852142334
0.9999892711639404
0.9737498760223389
0.9950997233390808
0.9904112815856934
0.9992184638977051
0.9997988343238831
0.9999876022338867
0.99998939037323
0.9752021431922913
0.9920457601547241
0.9850685000419617
0.9992559552192688
0.9997959733009338
0.9999876022338867
0.9999901056289673
0.9748742580413818
0.9918055534362793
0.9844588041305542
0.9992105960845947
0.9997950196266174
0.9999877214431763
0.9999896287918091
0.9747656583786011
0.9918131828308105
0.9846226572990417
0.9999819993972778
0.9999760389328003
0.9999979734420776
0.9999995231628418
0.9997367262840271
0.9998377561569214
0.9995762705802917
0.999955415725708
0.9999632835388184
0.9999984502792358
0.999998927116394
0.9937527775764465
0.9964307546615601
0.9947104454040527
0.9999767541885376
0.9999598264694214
0.9999985694885254
0.9999983310699463
0.9975844621658325
0.9981108903884888
0.9972122311592102
0.9994366765022278
0.9998182654380798
0.9999899864196777
0.9999954700469971
0.984032928943634
0.9908050298690796
0.9857271313667297
0.9994632601737976
0.9998205304145813
0.9999897480010986
0.9999954700469971
0.983002245426178
0.9901424050331116
0.9848306179046631
0.9993937015533447
0.9998656511306763
0.9999898672103882
0.9999938011169434
0.9814731478691101
0.9873703718185425
0.9820373058319092
0.9987932443618774
0.9998642206192017
0.99998939037323
0.9999922513961792
0.9893845915794373
0.9907053112983704
0.9892140030860901
0.9972678422927856
0.999886155128479
0.9999816417694092
0.9999910593032837
0.996242880821228
0.9931730628013611
0.9927242398262024
0.997251570224762
0.9998297691345215
0.9999716281890869
0.9999911785125732
0.9952641725540161
0.9938953518867493
0.994118332862854
0.9976233839988708
0.9998303651809692
0.9999655485153198
0.999994158744812
0.995508074760437
0.9930334091186523
0.9939661622047424
0.9974662065505981
0.999823272228241
0.9999629259109497
0.9999936819076538
0.995315432548523
0.9925259351730347
0.993545413017273
0.9938218593597412
0.9995354413986206
0.9999483823776245
0.9999959468841553
0.996035635471344
0.9957318902015686
0.99617600440979
0.9936712980270386
0.9996320009231567
0.9999427795410156
0.9999853372573853
0.9888933300971985
0.9926390647888184
0.9925733804702759
0.9990426898002625
0.9998440742492676
0.9999692440032959
0.9999871253967285
0.9615421295166016
0.9828450679779053
0.980436384677887
0.9992503523826599
0.9998679161071777
0.9999724626541138
0.999982476234436
0.9071913361549377
0.9622260928153992
0.9532252550125122
0.9939038157463074
0.9997242093086243
0.9999418258666992
0.9999818801879883
0.9696460962295532
0.993909478187561
0.989680826663971
0.9930354952812195
0.9996973276138306
0.9999332427978516
0.9999809265136719
0.9638754725456238
0.9931824803352356
0.9883574843406677
0.9964172840118408
0.9996684789657593
0.9999442100524902
0.9999812841415405
0.9650439620018005
0.9920147657394409
0.9852705001831055
0.9973700046539307
0.999715268611908
0.9999667406082153
0.999984860420227
0.9448619484901428
0.9893772602081299
0.9809078574180603
0.9997983574867249
0.9998823404312134
0.9999964237213135
0.9999972581863403
0.9969174861907959
0.9984966516494751
0.9974516034126282
0.9999758005142212
0.9999741315841675
0.9999984502792358
0.9999992847442627
0.9996719360351562
0.9997656941413879
0.9995287656784058
0.9999778270721436
0.9999614953994751
0.9999977350234985
0.9999994039535522
0.9995641112327576
0.9996495246887207
0.9991114735603333
0.9999773502349854
0.9999581575393677
0.9999977350234985
0.9999994039535522
0.9996170997619629
0.9997033476829529
0.9992232322692871
0.9999772310256958
0.9999607801437378
0.9999977350234985
0.9999994039535522
0.9995664954185486
0.9996548891067505
0.9991244673728943
0.999966025352478
0.99996018409729
0.9999979734420776
0.9999985694885254
0.9986506104469299
0.9992832541465759
0.9987958669662476
0.9997169375419617
0.9998669624328613
0.9999910593032837
0.9999957084655762
0.9889074563980103
0.9917560815811157
0.9871161580085754
0.9992532134056091
0.9997689127922058
0.9999860525131226
0.9999949932098389
0.9933938384056091
0.9948796033859253
0.9920375347137451
0.9987331032752991
0.9997660517692566
0.9999810457229614
0.9999946355819702
0.998233437538147
0.997469425201416
0.9965079426765442
0.9987322688102722
0.999756395816803
0.9999798536300659
0.9999946355819702
0.9979937076568604
0.9968998432159424
0.9957529306411743
0.9956191182136536
0.9995766282081604
0.9999597072601318
0.9999898672103882
0.9965742826461792
0.9954267740249634
0.9946281313896179
0.9994207620620728
0.9998675584793091
0.9999902248382568
0.999996542930603
0.9981957077980042
0.997805655002594
0.9981424808502197
0.9974610805511475
0.9997449517250061
0.9999703168869019
0.9999933242797852
0.997848629951477
0.9968684315681458
0.9974415302276611
0.9943639039993286
0.9995959401130676
0.9999622106552124
0.9999959468841553
0.9961729645729065
0.996713399887085
0.9967911839485168
0.9989442229270935
0.9998181462287903
0.9999583959579468
0.9999942779541016
0.9851192831993103
0.9877803325653076
0.9866315722465515
0.998892605304718
0.9998175501823425
0.9999575614929199
0.9999942779541016
0.9833930134773254
0.9866217970848083
0.9852339625358582
0.9990379810333252
0.9998533725738525
0.9999674558639526
0.999982476234436
0.9081642627716064
0.9645456075668335
0.9580052495002747
0.9990812540054321
0.9998584985733032
0.9999682903289795
0.9999884366989136
0.9594196677207947
0.9896711707115173
0.982968270778656
0.9973975419998169
0.9996880292892456
0.9999533891677856
0.9999854564666748
0.9460524320602417
0.9883956909179688
0.9797419309616089
0.994820237159729
0.9995562434196472
0.9999521970748901
0.9999877214431763
0.962247371673584
0.9934365749359131
0.9865321516990662
0.9995101690292358
0.9998379945755005
0.9999940395355225
0.999993085861206
0.9821118116378784
0.9944633841514587
0.9910865426063538
0.9994939565658569
0.9998385906219482
0.9999933242797852
0.999993085861206
0.9829136729240417
0.9947846531867981
0.9915542006492615
0.9998466968536377
0.9998800754547119
0.9999932050704956
0.9999973773956299
0.9982624650001526
0.9990691542625427
0.9979069232940674
0.9999799728393555
0.9999558925628662
0.9999979734420776
0.9999995231628418
0.9996289014816284
0.9997541308403015
0.9993650317192078
0.9999778270721436
0.999974250793457
0.999998927116394
0.9999990463256836
0.9987911581993103
0.9990587830543518
0.9982593655586243
0.999976396560669
0.9999724626541138
0.9999983310699463
0.9999979734420776
0.9972586631774902
0.9984764456748962
0.9978302121162415
0.9998487234115601
0.999911904335022
0.9999939203262329
0.9999961853027344
0.9905589818954468
0.9934859871864319
0.9902682900428772
0.9998290538787842
0.9999042749404907
0.9999935626983643
0.9999955892562866
0.9892770051956177
0.992527961730957
0.9889698028564453
0.9998458623886108
0.9999130964279175
0.9999940395355225
0.9999961853027344
0.9904143214225769
0.9935617446899414
0.990410327911377
0.9996764659881592
0.9999287128448486
0.9999943971633911
0.9999951124191284
0.9982080459594727
0.9981259703636169
0.9979138970375061
0.9986421465873718
0.9999090433120728
0.9999878406524658
0.9999926090240479
0.998859167098999
0.9985851049423218
0.9985924363136292
0.9982799291610718
0.9996898174285889
0.9999839067459106
0.9999957084655762
0.9986408352851868
0.9975268244743347
0.9976012110710144
0.9978880286216736
0.9997021555900574
0.999980092048645
0.9999960660934448
0.9990678429603577
0.9990108013153076
0.9992114305496216
0.9979561567306519
0.9997135996818542
0.9999803304672241
0.9999961853027344
0.9991158843040466
0.9990608096122742
0.9992497563362122
0.9988920092582703
0.9997742772102356
0.9999679327011108
0.9999959468841553
0.9870269894599915
0.989912211894989
0.988684356212616
0.9991043210029602
0.9998327493667603
0.9999551773071289
0.9999886751174927
0.9100186824798584
0.9540875554084778
0.9461817741394043
0.9992926120758057
0.9998677968978882
0.9999686479568481
0.9999886751174927
0.9677216410636902
0.9900465607643127
0.9833015203475952
0.9979678988456726
0.9997349381446838
0.9999411106109619
0.9999827146530151
0.9826245903968811
0.9962980151176453
0.993614912033081
0.9978539347648621
0.9997033476829529
0.9999362230300903
0.999982476234436
0.9815276265144348
0.9959979057312012
0.9929391145706177
0.9986288547515869
0.999815046787262
0.9999593496322632
0.9999877214431763
0.9839878082275391
0.9965180158615112
0.9936679005622864
0.9992105960845947
0.9998906850814819
0.999968409538269
0.9999852180480957
0.9822928309440613
0.9948379397392273
0.9899917244911194
0.9999005794525146
0.999909520149231
0.9999957084655762
0.9999951124191284
0.9963992834091187
0.9985460042953491
0.9972752928733826
0.9995241165161133
0.9998900890350342
0.9999887943267822
0.9999934434890747
0.9941018223762512
0.9959418177604675
0.9932722449302673
0.9985966086387634
0.9998151659965515
0.9999785423278809
0.999988317489624
0.9902151823043823
0.9933398365974426
0.9902350902557373
0.9994076490402222
0.9998788833618164
0.9999874830245972
0.9999926090240479
0.9933286905288696
0.9955202341079712
0.9926671385765076
0.9999350309371948
0.9999325275421143
0.9999973773956299
0.9999974966049194
0.9976373910903931
0.9988129138946533
0.9979155659675598
0.9997738003730774
0.9998996257781982
0.999993085861206
0.9999969005584717
0.9949989318847656
0.997241735458374
0.9949911236763
0.9992851614952087
0.9998455047607422
0.9999834299087524
0.9999903440475464
0.9876741766929626
0.9899106621742249
0.9836367964744568
0.9987220168113708
0.9998366832733154
0.9999831914901733
0.9999896287918091
0.9915267825126648
0.9916988611221313
0.9899755120277405
0.9974494576454163
0.9996942281723022
0.9999754428863525
0.9999951124191284
0.99872225522995
0.9972768425941467
0.996471643447876
0.9974241256713867
0.9996951818466187
0.9999758005142212
0.999995231628418
0.99875807762146
0.9973574280738831
0.9965555667877197
0.9989804625511169
0.9997913241386414
0.9999812841415405
0.9999939203262329
0.9987514019012451
0.9974403381347656
0.9976761937141418
0.997814416885376
0.9995757937431335
0.9999638795852661
0.9999923706054688
0.9986405968666077
0.998047947883606
0.998306393623352
0.9960910677909851
0.9997064471244812
0.9999476671218872
0.999995231628418
0.998650848865509
0.9980460405349731
0.9977288842201233
0.9986288547515869
0.9997062087059021
0.9999701976776123
0.9999918937683105
0.9928239583969116
0.9920378923416138
0.9900771379470825
0.9992444515228271
0.9998403787612915
0.9999697208404541
0.9999901056289673
0.9715994596481323
0.9806786179542542
0.9785575270652771
0.9992507100105286
0.9998383522033691
0.9999693632125854
0.9999891519546509
0.9724322557449341
0.9818859100341797
0.9801133871078491
0.9975506663322449
0.999748170375824
0.9999433755874634
0.9999897480010986
0.9864548444747925
0.9957696199417114
0.993377149105072
0.9982936978340149
0.9998019337654114
0.9999555349349976
0.9999858140945435
0.9703673124313354
0.9937372207641602
0.9884973764419556
0.9985051155090332
0.9997790455818176
0.9999539852142334
0.999982476234436
0.9216790795326233
0.9857308268547058
0.9748298525810242
0.9992873072624207
0.9998526573181152
0.9999808073043823
0.9999865293502808
0.9648261666297913
0.9913262724876404
0.9853739738464355
0.9999383687973022
0.9999607801437378
0.9999954700469971
0.9999948740005493
0.9888498187065125
0.9955110549926758
0.9927149415016174
0.9999411106109619
0.9999556541442871
0.9999958276748657
0.9999951124191284
0.989679217338562
0.9957365989685059
0.9930663108825684
0.9999425411224365
0.9999583959579468
0.9999958276748657
0.9999953508377075
0.9898049831390381
0.9958794116973877
0.9933333992958069
0.9999289512634277
0.9999454021453857
0.9999960660934448
0.9999984502792358
0.9983575940132141
0.9989377856254578
0.998170018196106
0.9999663829803467
0.999966025352478
0.9999983310699463
0.999998927116394
0.999049961566925
0.9993360638618469
0.9987088441848755
0.9999170303344727
0.999975323677063
0.9999970197677612
0.9999961853027344
0.9961094260215759
0.9973239898681641
0.9955776929855347
0.9997120499610901
0.9999179840087891
0.9999898672103882
0.9999958276748657
0.9896383285522461
0.991958498954773
0.9867342710494995
0.9996163845062256
0.9999105930328369
0.999988317489624
0.9999963045120239
0.989345371723175
0.9920988082885742
0.9867666363716125
0.9996101260185242
0.9998513460159302
0.9999819993972778
0.9999933242797852
0.9902554154396057
0.9899459481239319
0.9849475026130676
0.996593177318573
0.9997134804725647
0.9999696016311646
0.9999871253967285
0.9940351843833923
0.9914031624794006
0.9903023838996887
0.9954143762588501
0.9997010231018066
0.9999642372131348
0.9999924898147583
0.9991171956062317
0.9982547163963318
0.9979661703109741
0.9958101511001587
0.9992928504943848
0.9998924732208252
0.9999878406524658
0.964217483997345
0.9921608567237854
0.9829051494598389
0.9975674152374268
0.9996700286865234
0.9999485015869141
0.9999891519546509
0.9617491364479065
0.9910093545913696
0.9815362095832825
0.9978539347648621
0.9996992349624634
0.9999548196792603
0.99998939037323
0.9627246856689453
0.9913246631622314
0.9827258586883545
0.9962672591209412
0.9995991587638855
0.9999433755874634
0.9999884366989136
0.9786744117736816
0.9952207207679749
0.9897487759590149
0.9998223185539246
0.9998637437820435
0.999990701675415
0.9999974966049194
0.9959003329277039
0.9984409213066101
0.9958887696266174
0.9999401569366455
0.9999361038208008
0.9999973773956299
0.9999990463256836
0.9992799162864685
0.9989839196205139
0.9976280331611633
0.9999700784683228
0.9999796152114868
0.9999980926513672
0.9999994039535522
0.9993353486061096
0.9995236396789551
0.999000608921051
0.9999635219573975
0.9999618530273438
0.9999988079071045
0.9999982118606567
0.9969223141670227
0.9984128475189209
0.9975451827049255
0.9999582767486572
0.9999610185623169
0.9999986886978149
0.9999982118606567
0.996865451335907
0.9982805252075195
0.9973558187484741
0.9998413324356079
0.9999067783355713
0.9999947547912598
0.9999960660934448
0.9888342022895813
0.9915731549263
0.9872887134552002
0.9998610019683838
0.99991774559021
0.9999951124191284
0.9999961853027344
0.9890878200531006
0.9915144443511963
0.9873403906822205
0.9994557499885559
0.9999247789382935
0.9999912977218628
0.9999943971633911
0.9970268607139587
0.9954019784927368
0.9936853051185608
0.9988700747489929
0.9998902082443237
0.9999866485595703
0.999995231628418
0.9995606541633606
0.999294638633728
0.9990542531013489
0.9982855916023254
0.9998264908790588
0.999964714050293
0.9999920129776001
0.9961780309677124
0.9943324327468872
0.9944255352020264
0.9982129335403442
0.9998286962509155
0.9999668598175049
0.9999921321868896
0.9963962435722351
0.9950433969497681
0.9951854348182678
0.9959994554519653
0.9997101426124573
0.9999508857727051
0.9999947547912598
0.9969238638877869
0.9941855072975159
0.9951990246772766
0.9971256852149963
0.9996345043182373
0.9999489784240723
0.9999953508377075
0.9982832670211792
0.9977349042892456
0.9976859092712402
0.9988242983818054
0.9998199343681335
0.9999690055847168
0.9999971389770508
0.9872843027114868
0.9913654327392578
0.9900367259979248
0.9987310767173767
0.9998106360435486
0.999927282333374
0.9999735355377197
0.8938510417938232
0.930875301361084
0.9094666242599487
0.9932379722595215
0.9993950128555298
0.9998363256454468
0.9999741315841675
0.9143009781837463
0.9764858484268188
0.9588485360145569
0.9932978749275208
0.9993901252746582
0.9998321533203125
0.999974250793457
0.9232586622238159
0.9790023565292358
0.9631712436676025
0.9986791014671326
0.9997456669807434
0.9999566078186035
0.9999855756759644
0.9819803237915039
0.9945671558380127
0.9907551407814026
0.9990113973617554
0.9996862411499023
0.9999725818634033
0.9999915361404419
0.9513341784477234
0.9870826005935669
0.9775372743606567
0.9998975992202759
0.9999607801437378
0.9999953508377075
0.9999974966049194
0.9964101910591125
0.9987043142318726
0.9972244501113892
0.9999604225158691
0.9999439716339111
0.9999977350234985
0.9999992847442627
0.9996780157089233
0.9997484087944031
0.9994538426399231
0.9998227953910828
0.999902606010437
0.9999946355819702
0.9999979734420776
0.9937915205955505
0.9959696531295776
0.9925504922866821
0.9996918439865112
0.9999226331710815
0.9999949932098389
0.9999978542327881
0.9923976063728333
0.9953365921974182
0.9911137223243713
0.9999833106994629
0.9999699592590332
0.9999991655349731
0.9999980926513672
0.9972506165504456
0.9982290863990784
0.9976485371589661
0.999758780002594
0.9999203681945801
0.9999911785125732
0.9999933242797852
0.9888078570365906
0.9915539622306824
0.986861526966095
0.9997448325157166
0.9999337196350098
0.9999885559082031
0.9999915361404419
0.9932130575180054
0.9921603798866272
0.9881123900413513
0.9997358918190002
0.9999309778213501
0.9999879598617554
0.9999910593032837
0.9927945733070374
0.9915367364883423
0.9871548414230347
0.9983371496200562
0.9999505281448364
0.9999736547470093
0.9999942779541016
0.9964812994003296
0.9862520098686218
0.9834316372871399
0.9984310269355774
0.999953031539917
0.9999747276306152
0.999994158744812
0.9960682392120361
0.9853294491767883
0.9827484488487244
0.9989491105079651
0.9999536275863647
0.999974250793457
0.9999955892562866
0.9957946538925171
0.9906994700431824
0.9919336438179016
0.9997050166130066
0.9999387264251709
0.9999736547470093
0.9999985694885254
0.999509334564209
0.9983590245246887
0.9985557198524475
0.9967055916786194
0.9998276233673096
0.9999426603317261
0.9999910593032837
0.9946607947349548
0.9782401919364929
0.9822079539299011
0.9991924166679382
0.999977707862854
0.9999631643295288
0.9999822378158569
0.9849938750267029
0.9705556035041809
0.969906747341156
0.9993368983268738
0.9999212026596069
0.9999632835388184
0.9999850988388062
0.9359051585197449
0.944857120513916
0.9317525029182434
0.9993005990982056
0.9999179840087891
0.9999597072601318
0.9999849796295166
0.9406919479370117
0.9483175277709961
0.9342930316925049
0.9986783862113953
0.9999052286148071
0.9999477863311768
0.9999700784683228
0.9458395838737488
0.9767528176307678
0.9608314037322998
0.9997187256813049
0.9999387264251709
0.9999837875366211
0.9999912977218628
0.9936182498931885
0.9976353645324707
0.9963151812553406
0.9998311996459961
0.9999464750289917
0.9999862909317017
0.9999921321868896
0.9684776067733765
0.9908925294876099
0.9856707453727722
0.9999115467071533
0.9999568462371826
0.9999951124191284
0.999998927116394
0.9980254173278809
0.9989926218986511
0.9977007508277893
0.9998536109924316
0.9999120235443115
0.9999957084655762
0.9999985694885254
0.9990887641906738
0.9995560050010681
0.9991230368614197
0.9998472929000854
0.9999110698699951
0.9999954700469971
0.9999983310699463
0.9990837574005127
0.9995400905609131
0.999098539352417
0.9997789263725281
0.999930739402771
0.999995231628418
0.9999973773956299
0.9956415891647339
0.9977638721466064
0.9962106943130493
0.9999305009841919
0.9999791383743286
0.9999973773956299
0.9999961853027344
0.9935991764068604
0.99558025598526
0.9946371912956238
0.9997637867927551
0.9999313354492188
0.9999873638153076
0.9999918937683105
0.9868565201759338
0.9909029603004456
0.9876338243484497
0.9991077780723572
0.9999595880508423
0.9999802112579346
0.9999904632568359
0.9961172342300415
0.9945776462554932
0.9933873414993286
0.9941850304603577
0.9999268054962158
0.9999676942825317
0.9999862909317017
0.9960098266601562
0.9911180138587952
0.9899924397468567
0.9956459403038025
0.9999319314956665
0.9999707937240601
0.9999862909317017
0.9959426522254944
0.9909781217575073
0.9898928999900818
0.9991708993911743
0.9999363422393799
0.9999768733978271
0.9999887943267822
0.9968626499176025
0.9919117093086243
0.9926453828811646
0.9996227025985718
0.9999130964279175
0.9999747276306152
0.9999977350234985
0.9994400143623352
0.9980871677398682
0.9983304142951965
0.9995835423469543
0.9999169111251831
0.9999759197235107
0.9999974966049194
0.9992266893386841
0.9975607395172119
0.9979185461997986
0.998953104019165
0.9999269247055054
0.9999481439590454
0.999994158744812
0.9961218237876892
0.9920197129249573
0.9904643297195435
0.9993067979812622
0.9998708963394165
0.9999762773513794
0.9999815225601196
0.8878310918807983
0.933701753616333
0.9326587319374084
0.9995724558830261
0.9999051094055176
0.9999818801879883
0.9999831914901733
0.9171106815338135
0.9532031416893005
0.9531644582748413
0.9997181296348572
0.9999591112136841
0.999968409538269
0.9999704360961914
0.9275147914886475
0.9753817915916443
0.965343713760376
0.998920202255249
0.9999027252197266
0.9999581575393677
0.9999780654907227
0.9785546660423279
0.9937422871589661
0.9897363185882568
0.9993540644645691
0.9999215602874756
0.9999793767929077
0.9999849796295166
0.9794433116912842
0.9927678108215332
0.9891659617424011
0.9993854761123657
0.9999395608901978
0.9999845027923584
0.9999902248382568
0.9416698813438416
0.9760571718215942
0.9617327451705933
0.9993857145309448
0.9999392032623291
0.9999841451644897
0.9999897480010986
0.9375585317611694
0.9749813675880432
0.9603877067565918
0.9993959665298462
0.9999396800994873
0.9999845027923584
0.9999898672103882
0.938233494758606
0.9750052690505981
0.9602661728858948
0.99998939037323
0.9999878406524658
0.9999984502792358
0.9999996423721313
0.9997920393943787
0.9998635053634644
0.9996650218963623
0.9999583959579468
0.9999639987945557
0.9999982118606567
0.9999984502792358
0.9971701502799988
0.9978166818618774
0.9962168335914612
0.9998490810394287
0.9999417066574097
0.999994158744812
0.9999963045120239
0.9937615990638733
0.9957770109176636
0.9934185743331909
0.9996684789657593
0.999924898147583
0.9999874830245972
0.9999942779541016
0.9918223023414612
0.9928481578826904
0.9890003204345703
0.9996635913848877
0.9999316930770874
0.9999849796295166
0.9999923706054688
0.9969955682754517
0.9959249496459961
0.994144856929779
0.9995878338813782
0.9999179840087891
0.9999823570251465
0.9999914169311523
0.9963415265083313
0.995309054851532
0.993249773979187
0.9992967844009399
0.9999486207962036
0.999977707862854
0.9999933242797852
0.9980254173278809
0.9947394728660583
0.9932920932769775
0.9981240630149841
0.9999253749847412
0.9999732971191406
0.9999927282333374
0.9968472123146057
0.992473840713501
0.9928043484687805
0.998939573764801
0.9997676014900208
0.9999688863754272
0.9999967813491821
0.9974905252456665
0.993763267993927
0.994220495223999
0.9989901185035706
0.9999063014984131
0.9999693632125854
0.9999967813491821
0.9984334111213684
0.9968446493148804
0.9974197149276733
0.9984973669052124
0.9998277425765991
0.9999420642852783
0.9999943971633911
0.9906286597251892
0.9890563488006592
0.9870703220367432
0.9985818862915039
0.9998273849487305
0.9999419450759888
0.9999947547912598
0.9909690022468567
0.9898403286933899
0.9879429936408997
0.9998125433921814
0.9999071359634399
0.999988317489624
0.9999911785125732
0.9470957517623901
0.9549824595451355
0.9543058276176453
0.9973280429840088
0.9997567534446716
0.9999183416366577
0.9999699592590332
0.9277029037475586
0.9780648350715637
0.9664264917373657
